-1.635640, 0.793038, -1.635640, -5.650393
-6.696310, 2.599744, -1.654382, 2.599744
-1.639754, 2.564744, -1.639754, 1.976114
-1.658092, 3.905244, -1.658092, 4.319767
-1.658092, 4.319767, -1.658092, 4.319767
-1.658092, 4.319767, -1.134484, 4.319767
0.416641, 3.881342, 3.179631, 3.881342
5.297148, 4.711534, 5.297148, 4.259014
5.297148, 4.259014, 6.335283, 4.285632
5.238580, 2.245106, 5.265307, 1.870921
-1.630374, 0.882006, -1.683829, -9.461516
6.310746, 4.275022, 8.916473, 4.315736
4.478594, 5.903601, 6.636462, 5.862887
-1.058577, 4.315736, -1.058577, 4.722881
-1.058577, 4.763596, -0.366430, 4.763596
-1.628580, 3.949306, -1.628580, 2.524298
-1.370841, 3.032467, -1.370841, 3.032467
-1.370841, 3.032467, -1.537004, 3.032467
-1.286228, 3.040176, -1.286228, 2.416550
-1.286228, 2.416550, -1.637018, 2.416550
3.012694, 0.341866, 3.012694, -0.405966
-1.645230, -0.235033, -1.281998, -0.235033
-1.666597, -0.619632, -1.239264, -0.619632
-1.538397, -0.961498, -1.281998, -0.961498
-1.581130, -1.303364, -1.260631, -1.303364
-1.602497, -1.666597, -1.281998, -1.666597
3.205317, 3.860950, 3.205317, 4.261614
3.205317, 4.261614, 3.423861, 4.261614
3.423861, 4.261614, 3.387437, 5.937121
3.387437, 5.937121, 4.880824, 5.937121
5.255948, 1.849858, 5.695809, 1.849858
5.695809, 1.849858, 5.695809, 2.277501
5.695809, 2.277501, 5.255948, 2.277501
7.287974, 2.821764, 7.287974, 3.278514
8.171024, 3.339414, 8.171024, 2.852214
5.278273, 4.283365, 17.001530, 4.283365
5.806416, 1.791341, 5.837301, 2.254619
5.281367, 1.729571, 5.806416, 1.729571
5.868186, 2.316389, 5.188712, 2.347274
5.868186, -2.347274, 5.096056, -2.409045
10.034829, 0.421183, 10.186086, 0.364462
10.018592, 0.414434, 10.036277, 0.255266
10.036277, 0.255266, 10.195445, 0.272951
10.195445, 0.272951, 10.195445, 0.414434
10.059861, -3.028352, 10.059861, -3.183456
10.059861, -3.183456, 10.237123, -3.183456
10.237123, -3.183456, 10.214966, -2.961878
10.214966, -2.961878, 10.015546, -2.961878
10.082019, -4.091924, 10.082019, -4.269186
10.082019, -4.269186, 10.281439, -4.269186
10.281439, -4.269186, 10.281439, -4.091924
10.281439, -4.069767, 10.037704, -4.069767
5.162997, -7.526377, 5.894203, -7.592851
5.181684, -7.593285, 5.181684, -8.473193
5.181684, -8.473193, 6.029003, -8.473193
6.191949, -8.473193, 6.191949, -8.473193
6.105437, -8.472152, 6.036837, -7.511745
6.002536, -7.511745, 5.179331, -7.511745
10.254279, -6.538080, 10.254279, -6.830838
9.961522, -7.682496, 9.988136, -7.975254
9.991784, -7.780435, 10.214291, -7.755712
9.942338, -8.052387, 10.214291, -8.052387
10.214291, -8.052387, 10.214291, -7.780435
-1.620632, -4.358202, -1.713918, -21.196184
5.161438, -12.867731, 5.197144, -13.796087
5.197144, -12.903438, 6.054088, -12.939143
6.054088, -12.939143, 6.054088, -13.831793
10.089253, -10.326742, 10.089253, -10.514858
10.089253, -10.514858, 10.258558, -10.514858
10.258558, -10.514858, 10.258558, -10.383177
10.258558, -10.289119, 10.108066, -10.289119
10.070442, -11.304947, 10.070442, -11.549499
10.108066, -11.323758, 10.258558, -11.323758
10.258558, -11.323758, 10.258558, -11.587121
10.333805, -11.587121, 10.070442, -11.587121
10.089253, -13.449472, 10.070442, -13.882140
10.089253, -13.543530, 10.314994, -13.543530
10.314994, -13.543530, 10.314994, -13.769271
10.352616, -13.844517, 10.108066, -13.844517
10.126877, -14.634605, 10.108066, -15.010839
10.108066, -15.010839, 10.296182, -15.010839
10.296182, -15.010839, 10.277370, -14.672229
10.255274, -14.641623, 10.068651, -14.678947
5.274114, -15.590653, 6.010609, -15.590653
5.214397, -13.639935, 6.010609, -13.659840
-0.338994, -0.456059, -0.338994, -0.456059
0.518777, 3.927881, 0.518777, 4.298436
0.518777, 4.298436, 0.185277, 4.298436
0.185277, 4.298436, 0.185277, 4.706046
0.185277, 4.706046, -0.629943, 4.743102
11.031301, 0.360500, 11.274500, 0.345300
11.289701, 0.345300, 11.289701, 0.238900
11.031301, 0.360500, 11.031301, 0.223700
11.031301, 0.223700, 11.289701, 0.223700
11.320100, -0.673099, 11.320100, -0.916299
11.320100, -0.916299, 11.061701, -0.901099
11.061701, -0.901099, 11.076900, -0.688299
11.076900, -0.688299, 11.289701, -0.688299
12.461107, 0.383389, 12.461107, 0.251392
12.461107, 0.251392, 12.563771, 0.251392
12.563771, 0.251392, 12.563771, 0.383389
12.563771, 0.383389, 12.490439, 0.398055
12.387775, -0.716585, 12.519773, -0.716585
12.519773, -0.716585, 12.519773, -0.877914
12.519773, -0.877914, 12.387775, -0.877914
12.387775, -0.877914, 12.373109, -0.760584
11.273136, -0.716585, 11.273136, -0.848581
11.258470, -0.760584, 11.082474, -0.760584
12.421741, -3.303541, 12.617406, -3.287236
12.617406, -3.091570, 12.405435, -3.107876
12.405435, -3.124181, 12.421741, -3.270930
12.617406, -3.091570, 12.633712, -3.287236
12.438046, -4.184036, 12.454351, -4.396007
12.454351, -4.396007, 12.682628, -4.379702
12.666323, -4.232953, 12.454351, -4.184036
12.666323, -4.167731, 12.666323, -4.379702
11.198831, -4.151425, 11.198831, -4.330785
11.198831, -4.330785, 11.378191, -4.330785
11.378191, -4.167731, 11.182526, -4.167731
11.394496, -4.167731, 11.410802, -4.281869
11.166220, -3.205708, 11.345580, -3.205708
11.345580, -2.977432, 11.084693, -2.977432
11.133609, -2.977432, 11.133609, -3.205708
11.296663, -3.205708, 11.329274, -3.026348
12.421742, -6.548326, 12.438048, -6.809213
12.438048, -6.613548, 12.650020, -6.580937
12.666325, -6.580937, 12.650020, -6.825519
12.650020, -6.825519, 12.470659, -6.825519
12.356521, -7.591876, 12.503270, -7.591876
12.503270, -7.591876, 12.503270, -7.934290
12.503270, -7.934290, 12.372827, -7.934290
12.372827, -7.934290, 12.372827, -7.608181
5.220943, -20.541323, 5.247355, -21.412922
5.220943, -20.541323, 5.960483, -20.541323
5.960483, -20.541323, 5.960483, -21.492159
5.960483, -21.492159, 5.168118, -21.465746
-1.719275, -16.971775, -1.684853, -32.702618
5.254174, -25.254683, 6.030804, -25.254683
6.030804, -25.254683, 6.056692, -25.875988
5.324932, -25.253448, 5.380651, -30.156818
6.028741, -25.860718, 20.965733, -25.860718
12.535465, -20.992731, 13.410303, -21.089935
11.563422, -20.701118, 11.660626, -21.089935
11.660626, -21.089935, 11.952239, -21.041332
11.952239, -21.041332, 12.098046, -21.187140
13.750519, -17.541979, 12.389659, -17.541979
12.000841, -17.541979, 11.563422, -17.541979
11.578678, -17.702650, 11.921631, -17.702650
12.558544, -20.789227, 13.538409, -20.789227
11.627671, -20.495268, 10.941765, -20.495268
10.302417, -6.815526, 10.437730, -6.883182
10.444795, -6.891877, 10.535365, -6.801306
10.535365, -6.801306, 10.535365, -6.574879
10.535365, -6.574879, 10.308938, -6.574879
15.193186, 4.179785, 15.237416, -23.818140
15.237419, -23.818138, 15.237419, -25.808512
-1.686291, -30.540609, -1.686291, -39.694763
-1.700799, -39.712837, 5.795987, -39.712837
-1.507093, -39.728882, 15.479691, -39.707462
5.301610, -30.076803, 5.301610, -30.076803
5.353065, -30.179714, 5.370217, -30.865791
5.231990, -25.310286, 5.231990, -30.894880
5.231990, -30.894880, 8.546212, -30.894880
15.096367, -30.842688, 15.070271, -39.663216
15.177674, -31.178432, 15.132047, -25.748779
15.040792, -31.406569, 14.949538, -25.885662
9.337376, -25.931290, 9.428630, -30.402767
9.428630, -30.448395, 9.793649, -30.448395
9.793649, -30.448395, 9.793649, -30.859041
8.544160, -30.901974, 9.818779, -30.901974
11.941415, -38.541573, 11.941415, -39.617420
11.941415, -38.567810, 11.600292, -38.541573
11.495332, -38.541573, 11.495332, -38.803974
11.495332, -38.777733, 8.766351, -38.699013
8.766351, -38.699013, 8.792591, -39.617420
5.144687, -2.420614, 5.144687, -3.253361
5.153700, -3.161397, 5.886978, -3.189068
5.084523, -3.244410, 5.886978, -3.272081
5.859307, -2.372777, 5.859307, -3.175232
5.989622, -16.033010, 5.284506, -16.013241
5.277916, -15.604669, 5.271327, -16.000061
6.052610, -15.630643, 6.052610, -16.110809
